di	sease	Group	PKM2	LDHA	LCP1	ACSF2	MECP2	ARF1	MSN	CTNNB1
ND	_1_08-81	0	9.815477253	10.38257498	7.686374616	7.439981551	6.375082253	11.01165258	8.670043975	6.911786814
ND	_2_08-85	0	9.299227436	10.00278211	8.981489388	7.441696726	6.302283709	10.34206111	9.648431528	6.884705903
ND	_4_08-72	0	9.75155639	11.05698589	8.294284211	7.009870882	6.381005021	10.84902412	9.090498677	7.254986426
ND	_5_08-83	0	9.900068265	11.42149928	7.319901204	6.919140815	6.823189304	11.00583883	8.290321358	7.019457603
ND	_6_97-53	0	9.791488303	11.88528127	7.623393091	6.680190804	6.708845085	10.75244201	8.210949212	7.537498216
ND	_7_98-19	0	9.655208118	11.66427315	8.815052523	6.901047491	6.60548346	10.86122981	9.472289383	7.459342364
ND	_8_97-46	0	9.727277195	11.73153374	8.489102526	6.793170041	6.736616348	10.74512248	8.681691281	7.532818293
ND	_9_97-17	0	9.691309729	11.0610402	7.324421587	6.854771303	6.789194924	10.92529159	8.322960589	7.366530807
ND	_10_97-19	0	9.659136444	11.96868321	7.428490197	6.619471666	6.74739352	10.69176069	8.231521499	7.617986047
ND	_11_97-45	0	9.720362133	11.83383783	7.161211446	6.694508334	6.825531312	10.71436606	8.140127487	7.555903384
ND	_12_97-03	0	9.464766836	11.55229537	7.527628399	6.905145055	6.631109419	11.05624533	8.472352142	7.465534308
ND	_25_99-04	0	11.23641874	11.90592997	8.712088339	6.631609984	7.37221601	10.95729463	9.620631892	7.191157365
ND	_26_99-27	0	10.83530746	11.4736719	9.29305856	6.631609984	7.33306822	10.86400868	9.5894267	7.273619157
ND	_27_92-10	0	10.50328609	10.93729236	7.557237795	6.782696565	7.219833559	10.71307235	9.54673499	7.24826979
ND	_28_92-14	0	10.92098292	11.29067943	8.007216849	6.830516839	7.16286709	10.92958162	9.521980431	7.635522098
ND	_29_92-32	0	11.08530497	11.58348877	8.176419804	6.645154439	7.517540916	10.84370913	9.321618688	7.781164258
ND	_30_93-07	0	11.04503747	11.55652113	8.082663551	6.5880357	7.272311211	10.87783758	9.83980561	7.890612828
ND	_31_95-02	0	11.0528893	11.96509229	8.187031289	6.628565214	7.378601352	10.80163227	9.714582615	8.046070777
ND	_32_96-44	0	10.98508322	11.69230217	8.395441721	6.66738628	7.496351372	10.71663116	9.340832027	7.79680536
ND	_33_96-39	0	11.15387415	12.17159661	7.187184714	6.48768323	7.379473557	11.1674131	8.63118055	8.349963011
ND	_34_96-30	0	11.21216409	12.109831	7.354526911	6.329991443	7.73498376	10.85564671	9.039665965	7.301524247
ND	_36_96-22	0	10.3154313	11.78357703	8.485244656	6.909920265	6.805195031	10.78689091	9.250347896	7.177302693
ND	_37_96-28	0	9.927416659	10.95729463	9.008076261	7.933554918	6.466673137	10.37660217	10.18410752	7.49667314
ND	_38_96-32	0	10.2671971	11.44414085	8.53849328	6.846232539	6.972326994	10.66573019	8.600380133	7.444807612
ND	_39_96-35	0	10.07654295	11.32141282	7.731232698	6.857719278	6.851243242	10.52656971	8.562509248	8.076834271
ND	_40_96-16	0	10.20643621	11.50959915	8.596446211	7.037376445	6.924508258	10.88070279	9.135171428	7.341688766
ND	_41_05-14	0	10.15396707	11.17742553	8.799155694	6.938028507	7.017790179	10.59902922	8.796981021	7.228677531
ND	_42_06-68	0	10.46696393	11.85185615	7.264239276	6.833603612	6.8932214	10.77286115	8.487588514	7.237744879
ND	_43_04-52	0	10.3578177	11.64373093	9.125196937	6.890336556	7.005265941	10.83260112	9.204458611	7.397651987
ND	_44_04-38	0	9.961791003	11.59708316	8.80985323	6.92943578	6.868925621	10.69423526	9.018462983	7.288378942
ND	_45_06-02	0	10.73778485	11.61205955	9.98340029	7.217127733	7.088483808	10.37856466	10.74377352	7.796944044
ND	_46_06-03	0	10.98975446	11.78357703	7.567489827	6.824243292	7.664604167	10.61059485	8.965674969	7.757776278
ND	_47_06-13	0	10.05994975	9.828440791	8.603084945	7.575815239	6.518605752	10.13000948	9.364278157	7.630158979
ND	_48_06-53	0	11.02395772	11.85185615	8.541767271	7.105843584	7.532594514	10.81919956	9.345001132	7.498653728
ND	_49_04-62	0	11.19646326	12.03329152	7.407769375	6.738164877	7.501135902	10.78062812	8.920039735	8.153997792
ND	_50_05-18	0	10.66208188	11.86007034	10.1986897	6.628121882	7.325641984	10.79894354	9.993104905	8.347220651
ND	_51_06-35	0	10.89664172	11.62199395	9.161329764	6.986050145	7.654960193	10.10426346	9.67650164	7.975933532
ND	_52_06-57	0	10.79894354	10.72576673	8.526609907	7.105332564	7.187428283	10.62947904	9.998590977	8.393893595
ND	_53_04-30	0	10.76636692	11.49123255	8.306212432	6.903624511	7.421556974	10.78559221	9.881243284	8.547895529
ND	_54_06-32	0	10.99598242	11.64868402	8.443712067	6.866742853	7.863562843	10.59671082	9.362610535	8.536910294
ND	_55_06-49	0	10.93423883	11.61205955	7.800864933	6.802288613	7.549348474	10.639731	9.097713973	7.90536758
ND	_56_06-61	0	10.51039226	11.26427581	9.143910406	6.96412883	7.471670644	10.63280783	9.843152809	7.731334135
ND	_57_05-36	0	10.72185368	11.94028677	8.036492449	6.817889456	7.238676016	10.8030467	8.695145307	6.920227445
ND	_58_06-15	0	8.602751591	11.73680704	7.878976208	6.433360595	6.616260192	10.70836542	8.494822187	7.677353405
ND	_59_06-21	0	10.64090196	11.15026959	9.374414774	7.558574512	6.940347633	10.18460737	10.04635998	7.141478985
ND	_60_05-20	0	10.71307235	11.61931636	8.679541977	6.887996456	7.176740015	10.72185368	9.202716603	7.694012711
ND	_61_04-31	0	10.26257316	11.42985956	7.944333687	6.745282433	6.816668574	10.74635459	8.712283684	7.433565985
ND	_62_04-64	0	10.8463769	11.94028677	8.263748305	6.679962956	7.33306822	10.63168934	8.771471355	7.543775985
ND	_63_05-28	0	10.90827749	12.01917775	7.881043161	6.613451627	7.321586046	10.7192174	8.75335145	7.91673617
ND	_64_06-63	0	10.82612304	10.78689091	8.419733205	7.525277802	6.838697302	10.10680863	10.15653103	7.627119988
ND	_65_07-70	0	10.44858314	10.65740496	8.260758369	6.945868682	7.015327131	10.49283084	9.363204191	7.61327497
ND	_66_07-18	0	9.693272396	10.82257283	9.0207526	7.455836456	6.720968967	10.22192807	9.606898937	7.302925074
ND	_67_08-44	0	10.20915667	11.38224754	7.647617265	6.825592315	6.97455955	10.61432045	8.385505501	7.589426997
ND	_68_07-46	0	10.17317326	11.07854664	7.938520091	7.03772043	6.77292709	10.87927017	9.018462983	7.336607342
ND	_69_08-04	0	8.959795265	11.84896088	8.125385494	6.665641876	6.66219148	10.67065073	8.397440834	7.917426457
ND	_70_08-35	0	8.859320395	11.96154189	9.027819354	6.570042906	6.848679745	10.88218205	8.981699737	7.310219042
ND	_71_07-11	0	8.730779217	11.0231442	8.318388829	6.759727014	6.818341485	10.80436127	8.950660246	7.765559042
ND	_72_07-30	0	8.522933169	10.67321531	8.453340165	6.779228617	6.978204886	10.82872317	9.040158619	7.443648795
ND	_73_08-40	0	8.709398907	11.54095548	8.355179663	6.712916569	6.857875676	10.74885225	8.523439817	7.589645743
ND	_74_08-55	0	8.540303569	11.83108479	7.992025741	6.554241226	6.794331195	10.67186094	8.307689814	7.859971861
ND	_75_02-24	0	8.810503881	11.27372767	7.208218787	6.911927506	6.770823461	10.71063897	8.2328526	7.220826996
ND	_76_03-17	0	8.702121061	11.41124992	7.384399645	6.937399009	6.721608865	10.92958162	8.402190316	7.321955885
ND	_77_03-28	0	8.27349122	10.72719042	9.235941108	7.15920779	6.593992547	10.11681308	9.551175935	7.798957365
ND	_78_04-19	0	8.372951942	10.91268128	8.460057539	7.086633901	6.639227623	10.62254107	9.076587505	7.858228563
ND	_79_03-15	0	8.395441721	11.21792542	7.265316414	6.759686609	6.743902418	10.71063897	8.242624613	7.533733348
ND	_80_03-41	0	8.304258476	10.81245533	7.861930455	6.795745343	6.613886829	10.76394501	8.688531924	7.662989432
ND	_81_00-49	0	8.792564094	10.85564671	7.929744743	6.961677107	6.66870942	10.80965318	8.696483105	7.821955874
ND	_82_02-04	0	9.079212051	11.24935057	7.763829322	6.773883751	6.68955127	10.83783578	8.539384544	7.00998758
ND	_83_02-12	0	8.765932399	9.862435389	7.678199209	7.336690452	6.227759875	10.63512303	8.324939357	7.099492659
ND	_84_00-53	0	8.800361826	11.17742553	9.371686215	6.76953394	6.720861259	10.73514409	8.970036814	7.177632311
ND	_85_01-36	0	8.694138861	9.318567426	7.812511138	7.745027409	6.276077623	10.53839508	8.720922592	6.816740169
ND	_86_00-38	0	9.088655806	11.52559436	8.034388296	6.610890422	6.765864819	10.86526142	8.295868371	7.450107928
ND	_87_03-11	0	8.604116841	9.95616743	8.518618106	7.658215866	6.262541431	10.40226119	9.035298916	6.994386916
ND	_88_03-47	0	8.922532001	11.46091529	7.954799286	6.621392886	6.906831384	10.60031451	8.112091538	7.535209146
ND	_89_04-05	0	8.756615713	11.13699876	8.318232411	6.733290271	6.773311688	10.6989579	8.640107681	7.839408955
ND	_90_99-31	0	8.903530498	11.53853079	7.868800262	6.589244628	6.863786926	10.8463769	8.179091269	8.014096965
ND	_91_02-06	0	8.395765169	10.48379843	8.073682097	7.679973905	6.37220228	10.4160244	9.327570065	7.245908004
ND	_92_02-08	0	8.616271092	11.48185089	8.760687226	7.207060298	6.391488441	10.56203168	9.345291004	7.732752102
ND	_93_03-58	0	8.687178208	10.79894354	8.631007882	6.908545719	6.646269435	10.68904285	8.757412541	7.286917226
ND	_94_99-58	0	8.982132683	10.41498803	7.128035415	7.328290171	6.337684555	10.86526142	8.522166706	6.919293336
ND	_95_03-66	0	8.623891941	11.39674071	8.281087678	6.602414737	6.689761489	10.66573019	8.542265281	7.543859357
AD	_96_02-41	1	8.238949138	9.724749476	8.834482352	7.643789138	6.331569471	10.24192722	9.293564181	6.90190508
AD	_97_03-04	1	8.71002175	9.881875613	7.601249192	7.64075801	6.517231549	10.4012395	9.09546049	6.77348971
AD	_98_02-28	1	8.487013639	9.586298496	7.945416768	8.108821937	6.246589115	10.17393378	9.599467071	7.023932615
AD	_99_03-18	1	8.420703207	10.61662814	9.165194158	7.585649356	6.256936884	10.18510723	9.202984163	6.942879586
AD	_100_03-21	1	8.334129714	9.481887284	8.014971209	7.867673608	6.417373754	10.24827583	9.123942039	6.971551827
AD	_101_03-27	1	8.291844227	11.49589524	8.806831628	7.082493259	6.484912447	10.47447584	10.58204232	7.539003297
AD	_102_01-45	1	8.363563188	9.136449802	7.817760793	7.960877918	6.392994664	9.97089676	9.562326081	6.925980804
AD	_103_01-48	1	8.498629092	9.471658256	7.375469594	7.543448087	6.385059875	10.595607	8.8625094	6.876719041
AD	_104_01-53	1	8.178486417	9.643661319	8.773691938	8.054628529	6.221039766	9.938828656	9.361030389	6.797693503
AD	_105_08-45	1	9.077587002	11.04216759	8.22080761	6.916630443	6.738879041	10.74512248	8.501997298	7.286370303
AD	_106_08-20	1	8.91138642	12.029523	7.472747159	6.691306237	6.689661177	10.71193279	8.059254302	8.41379984
AD	_107_07-50	1	8.665534512	11.45045913	8.172553299	6.767541406	6.69542457	10.62477895	8.394572577	7.357992314
AD	_108_07-69	1	10.5877658	11.54752295	8.993033305	7.374485686	7.048532181	10.595607	9.9911738	7.682615996
AD	_109_07-34	1	9.48808879	11.57428109	9.799359851	6.702881459	6.545660798	10.66090942	10.07654295	7.632577495
AD	_110_08-89	1	9.847866101	10.82465937	7.688789562	7.262000972	6.724400048	10.84902412	8.932984606	7.090036099
AD	_111_08-06	1	10.01972169	11.43810773	7.655172162	6.792859048	6.871621092	10.94841992	8.757602223	7.706952815
AD	_112_07-64	1	9.815828847	11.19486172	8.363377809	6.698690367	6.930717062	10.79349551	8.738126142	7.729774789
AD	_113_07-57	1	9.822322993	11.20513111	8.212390039	7.240607719	6.756547972	10.64799963	9.522830589	7.846214504
AD	_114_08-05	1	9.833798338	11.39889245	8.715044829	6.744224512	6.968466959	10.77286115	8.853070548	7.488102067
AD	_115_07-54	1	10.55956226	10.36325446	8.053200167	7.759066974	7.323576857	10.11254907	10.08979569	7.603635568
AD	_116_07-21	1	9.584538264	11.77588044	10.76394501	7.528757801	6.342564948	9.853840239	10.14191395	7.689143217
AD	_118_08-82	1	10.20047536	10.93273392	7.435153848	7.193672521	6.561969653	10.88218205	8.712493886	7.087883596
AD	_119_07-49	1	9.691309729	11.56085887	10.06068714	7.346284754	6.62897546	10.50274702	9.897115719	7.510930945
AD	_120_08-69	1	8.425481429	9.941808656	8.901408736	8.284875594	6.213834174	10.21176354	9.405000276	7.520713306
AD	_121_07-15	1	8.448491439	11.17567642	8.693531652	7.40440071	6.521493206	10.17488441	9.36645867	7.900593096
AD	_122_08-10	1	8.646230423	11.77588044	8.260604927	6.906322806	6.671789022	10.70137251	8.563705689	7.560274936
AD	_123_07-27	1	8.811840028	11.31552584	8.477869528	6.842235421	6.69542457	10.78062812	8.55332604	7.319388498
AD	_124_07-29	1	8.555775983	10.04464335	8.898119443	7.891458697	6.2967854	10.00514149	9.444118589	7.295742485
AD	_126_08-48	1	8.273785	10.58316313	9.084961831	7.492855872	6.421839238	10.21270786	9.546222366	7.599895047
AD	_127_08-01	1	8.322805936	10.72850838	9.378665551	6.954589675	6.552749362	10.34393434	9.401446097	6.965757399
AD	_128_08-29	1	8.03253665	10.54929276	8.200540937	6.929746642	6.419019306	10.64561675	9.280710296	7.678829532
AD	_129_08-30	1	9.321618688	10.4160244	8.161575187	7.716648281	6.787001428	10.01086139	9.865930436	8.165322879
AD	_130_08-37	1	9.848570785	10.82745756	9.472289383	7.539973784	6.730083519	10.15273189	9.975549894	7.529798292
AD	_131_02-39	1	10.66875448	9.860228744	7.22430343	7.579331957	7.317680543	10.70950122	8.951123029	7.730525572
AD	_132_01-32	1	10.03345538	10.18688763	8.40676669	7.790792796	6.607234578	10.43665248	9.536530977	6.864040162
AD	_133_02-35	1	9.927416659	10.13945859	8.335302592	7.688660459	6.700591932	10.14871289	9.586593274	7.011307021
AD	_134_03-14	1	10.01246643	10.03581176	8.606170887	7.950433317	6.593823894	10.20047536	9.954053244	7.387269146
AD	_135_03-34	1	9.721027536	10.56429674	8.611122624	7.609175768	6.821353498	10.04384439	9.831702394	8.169982801
AD	_136_01-16	1	9.091655308	9.54673499	7.519561829	8.005296932	6.201911767	9.478489539	8.988823347	7.197765156
AD	_137_01-28	1	10.27562096	9.430430838	8.256398628	8.271493684	6.36206715	10.14103372	10.25904932	6.941074638
AD	_138_02-07	1	10.1092346	9.323714207	7.98895377	8.168759008	6.296962267	10.06690673	9.317031629	6.713891895
AD	_183_97-24	1	9.148634637	11.01165258	8.604887745	7.025023953	6.624753052	10.42920195	9.000781568	7.635901632
AD	_139_02-09	1	9.673438473	9.660497066	8.26707357	8.441623348	6.552946905	10.00069284	9.335009604	7.288923644
AD	_140_02-19	1	10.52224925	11.79436284	9.388877559	7.376029424	6.727788311	10.48478854	10.42513745	7.790792796
AD	_141_03-32	1	10.06487696	11.51624808	8.494822187	6.809609913	7.092425808	10.37972035	9.231683377	7.81183657
AD	_142_03-36	1	9.781291854	10.97177957	9.592488099	7.237925336	6.847003268	10.639731	10.28850912	7.513573422
AD	_143_01-07	1	9.666616949	9.296945459	7.972870724	8.445962765	6.304800487	9.81446469	8.869655741	7.136185514
AD	_144_00-35	1	9.889196811	11.45662452	8.950237882	6.807185505	6.919527157	10.66573019	9.644892687	7.304832881
AD	_145_00-54	1	8.420858717	9.429365733	7.376628791	7.301998947	6.23531567	10.88653666	8.749750552	6.857819369
AD	_146_00-28	1	8.005142761	10.88930024	9.742692397	7.062853839	6.344000108	10.27562096	9.550395596	7.60286627
AD	_147_00-10	1	7.96115681	10.09998414	8.660874445	7.401546313	6.287616959	9.924456127	9.532888326	7.399857246
AD	_149_99-61	1	8.18812583	10.94986948	8.165151109	6.867202503	6.483771752	10.43353585	9.505928689	7.679037366
AD	_184_04-33	1	9.140986281	10.99300904	8.964626401	7.07239813	6.463222028	10.57980702	9.549169784	7.588060238
AD	_150_00-08	1	7.825872878	10.92250414	9.616168108	7.127588621	6.328786441	10.35345419	9.875270473	7.566534975
AD	_151_99-21	1	8.105317924	11.10789665	8.964626401	6.852437834	6.442798038	10.54508574	9.194188779	7.666471057
AD	_152_01-11	1	7.552910218	9.863830845	7.730879958	7.369810002	6.361341572	9.836697023	8.578781085	7.183199956
AD	_153_98-28	1	10.44671312	11.87971116	8.621639484	6.695005077	6.896960795	10.89664172	9.187502371	7.695942294
AD	_154_00-04	1	9.587517287	10.88362444	8.321413331	7.093981939	6.829211665	10.62127087	9.187279997	7.21368117
AD	_155_00-13	1	10.01575414	11.33824548	8.830199685	6.990457504	6.788029348	10.56262899	9.448411877	7.290592558
AD	_156_00-33	1	9.773689653	10.76394501	8.492452276	7.356192453	6.701847734	10.33365929	9.830251886	7.624534772
AD	_157_00-50	1	9.990107099	11.57177299	9.473459847	7.077565819	6.843863097	10.64689812	9.979397589	7.464029329
AD	_158_99-15	1	10.06444967	10.80436127	9.035519101	7.124337525	6.63572075	10.52758852	9.713827725	7.141724832
AD	_159_99-48	1	9.864536166	10.78062812	8.288237276	7.31792947	6.829375802	10.50815969	9.253716798	7.413220658
AD	_160_99-13	1	10.14103372	11.60939982	9.323714207	7.029744428	6.769812658	10.58316313	9.673438473	7.533518881
AD	_161_05-37	1	10.01887606	10.25634427	8.088429732	7.33142972	6.718186001	10.21444745	9.632708568	7.648703
AD	_162_06-52	1	9.063227399	11.21991874	8.504830477	6.678739688	6.855591576	10.60938663	8.923189017	7.405924765
AD	_163_05-39	1	9.688747391	10.57135254	9.004418559	7.374077644	6.833767201	10.13945859	9.776668755	7.755902161
AD	_164_06-37	1	9.928233844	11.76780353	7.6931562	6.688690672	6.916469837	10.76394501	8.678573181	7.925110696
AD	_165_04-49	1	10.33997132	11.74397653	8.095624167	6.65565449	7.101763606	10.73972486	8.303654039	7.619051058
AD	_166_05-52	1	9.655825501	10.78559221	8.88848551	7.101608544	6.760005323	10.29516839	9.452589074	7.425528558
AD	_167_06-67	1	10.00750832	11.01317179	8.818702471	7.24826979	6.747286407	10.27086417	9.793946161	7.727914164
AD	_168_04-16	1	9.711497041	10.99598242	9.032573583	7.233619397	6.837785254	10.26166458	9.740959993	7.752959404
AD	_169_04-28	1	10.2671971	11.95514118	8.091988974	6.789944608	6.88389952	10.86259847	8.649562903	7.494284193
AD	_170_04-06	1	10.20643621	11.12092203	8.457196013	7.007169805	6.842738397	10.66818443	9.065673344	7.499721847
AD	_171_05-01	1	10.20739424	10.75876309	8.263121194	6.997912553	6.806800076	10.66090942	9.097226442	8.065136101
AD	_172_03-40	1	10.10268209	10.40226119	7.881804237	7.329666875	6.740070409	10.63280783	9.527195479	7.483516514
AD	_173_03-54	1	9.826615468	11.05120731	9.093271054	7.529798292	6.935646176	10.00750832	9.759179665	7.451677229
AD	_174_05-25	1	10.04057706	11.82566057	8.215611047	6.706222591	6.799543396	10.98975446	8.7405841	7.525378308
AD	_175_98-12	1	9.098125146	11.50712738	9.036673652	6.701910743	6.896483884	10.94019374	8.889855372	7.902070664
AD	_185_05-19	1	9.051754038	11.26427581	8.529805746	6.799401498	6.620979968	10.6953651	8.802605605	7.47229527
ND	_186_95-30	0	9.730912696	11.95812933	7.310999072	6.638707806	6.883333275	10.74032351	7.938225759	7.857020755
ND	_187_95-36	0	9.731232927	11.46091529	7.935942341	6.784357364	6.752194504	10.78689091	8.718842673	7.707167717
ND	_188_95-38	0	9.615560778	10.93423883	7.761176506	7.01518686	6.757807243	11.02536125	8.90558401	7.725540005
ND	_189_95-03	0	8.945821147	11.7028128	8.488550137	6.675062599	6.813662865	10.76636692	8.611122624	8.181171658
AD	_190_99-24	1	8.329718374	10.40745725	8.584849288	7.501956246	6.334701136	9.940364949	9.374147215	7.272499219
AD	_191_07-02	1	8.395765169	10.42513745	8.346736024	7.133916802	6.527764364	10.24569153	9.081392155	7.666676764
AD	_192_03-19	1	9.085465809	11.15026959	7.40942588	7.019271014	6.81312334	10.82745756	8.779938839	7.771984379
AD	_193_01-33	1	10.14617231	9.426588066	7.084127958	7.775638465	6.154435356	10.83121638	8.52162755	7.242000212
AD	_194_05-57	1	8.492452276	10.34097145	8.798398729	7.29200363	6.476730102	10.47601973	9.403551219	7.657655704
AD	_195_08-59	1	9.022278456	10.81652556	8.40082542	7.276930933	6.739296413	10.68641529	8.740112321	7.202023947
AD	_196_99-06	1	8.72652859	10.67810787	8.090197207	6.94278576	6.708845085	10.55505059	9.027601215	7.945012845
AD	_197_00-47	1	8.684190529	9.93047132	8.704078733	7.858228563	6.255268521	10.48915173	9.512677239	7.314362236
AD	_198_01-13	1	8.513859766	9.83980561	7.892844537	7.641460521	6.234039021	10.48220133	8.880503449	7.206140358
AD	_199_98-18	1	9.108704414	11.96509229	8.887875815	6.55700213	6.882374536	10.72247298	8.936367271	7.800217492
ND	_200_94-35	0	8.909486116	11.49362023	8.732204843	6.742774953	6.823742256	10.87783758	8.833285917	7.668657487
AD	_176_96-04	1	9.829111601	11.47566738	8.031849404	6.95845675	7.043960063	10.5320379	9.061935088	8.00483948
AD	_177_97-39	1	8.999419949	10.52758852	8.221287412	7.259037574	6.696051964	10.46602708	9.385644013	7.463620892
AD	_178_97-48	1	8.821539727	10.74635459	9.238639091	7.531422806	6.224174406	10.31268394	10.10852112	7.061565722
AD	_179_98-07	1	9.428822247	11.5586381	7.88073402	6.784297515	6.739658101	10.39936109	8.500340689	7.202023947
AD	_180_96-21	1	9.438789092	10.62722031	8.622693244	6.818230924	6.651724695	10.34635494	8.838966362	7.212076367
AD	_181_98-10	1	9.600937517	10.9614592	7.920466404	6.829630415	6.723510782	10.6953651	8.532486572	7.216104161
AD	_182_95-31	1	9.417133691	11.02969784	8.185756428	7.009014144	6.641738989	10.55381826	8.471819008	7.362528117
ND	_13_96-45	0	11.22347083	11.88528127	7.04562822	6.731347459	7.077565819	10.54287963	8.464531265	7.429606441
ND	_19_98-33	0	10.82745756	11.6391465	9.016375361	7.099298719	7.150749574	10.43353585	9.603016939	7.430499048
ND	_14_97-09	0	10.99459537	11.56300683	7.337731186	6.881083099	7.216774931	10.53099233	8.671890744	7.97464339
ND	_20_99-29	0	11.40093548	12.21571817	7.563656366	6.538081944	7.417324303	10.87495714	9.231683377	7.706114431
ND	_15_97-10	0	11.04367292	11.0086187	7.584858487	7.170530252	7.027082094	10.77932925	9.540369672	7.301717244
ND	_21_99-22	0	10.73373427	11.17567642	8.604116841	6.943811356	7.303371056	10.63631707	9.671550212	7.469266589
ND	_16_97-02	0	11.3666471	12.029523	7.092895706	6.503821867	7.380888513	10.77013288	8.438265776	7.748086445
ND	_22_99-02	0	10.92250414	12.08467436	9.282205973	6.961024663	7.239735204	10.61059485	9.729236599	7.87310137
ND	_17_97-14	0	10.92529159	10.8597601	7.689252396	7.566433608	6.910873882	10.55062659	9.893845788	7.849681078
ND	_23_98-22	0	11.1844072	11.51624808	8.855462719	6.875239515	7.318442989	10.93129155	9.748925816	7.623393091
ND	_18_97-37	0	11.32700056	12.31955151	7.152918728	6.73849309	7.226888561	10.64799963	8.568750901	7.901405679
ND	_24_98-32	0	11.28465081	12.21971351	7.680086305	6.572208693	7.436452208	10.81382341	8.810075753	8.047205457
